type1 -> x1:  ~0.07     x2:  0. ~0.15

1,  13, 17,  20, 9, 27, 28, 42, 45, 65, 66, 70, 73, 79, 80, 82, 89, 108, 111, 115, 116, 119, 127, 129, 130, 133, 134, 149

type2 -> x1:  0.06 ~ 0.1     x2:  0.15 ~0.25

10, 12, 14, 19, 5, 7, 26, 29, 30, 33, 39, 41, 53, 55, 57, 59, 64, 75, 76, 77, 85, 87, 91, 94, 96, 98, 104, 109, 110, 117, 118, 121, 122, 123, 128, 131, 142, 147, 148

type3 -> x1: 0.06 ~ 0.1      x2:  0.25 ~0.45

 8, 21, 22, 25, 31, 36, 40, 46, 52, 56, 69, 72, 100, 90, 99, 102, 103, 106, 107, 113, 114, 126, 139, 144, 150, 153
 
type4 ()-> x1:  0.1~     x2:  0.15 ~0.55

15, 16, 18, 23, 24, 47, 49, 50, 51, 54, 60, 61, 68, 78, 100, 84, 88, 97, 101, 105, 112, 124, 125, 132, 135, 136, 137, 138, 140, 141, 143, 152


type5 (나머지)->  x2:  0.55~

3 4 6 11 34 35 37 32 38 43 44 48 58 62 63 67 71 72 74 81 83 86 92 93 95 120 138 145 146 151


제외

2 9